049000050103
049000050204
049000050405
049000051401
012000011710
012000011809
012000011908
012000012007
012000040000
012000040102
028400001025
028400002000
028400003000
028400007000
028400009000
028400011000
028400012000
028400013000
036000010000
036000020000
038000131212
038000131311
038000131410
038000131509
038000131608
016000131214
016000131313
016000131412
016000131511
064200011000
064200012000
064200013000
064200014000
007874200000
007874200102
007874200204
037000010000
037000020000
037000030000
037000040000
037000100000
037000110000
037000120000
037000130000
037000140000
007000010000
007000020000
007000030000
007874200000
007874200102
017800011000
017800012000
001901821007
001901821106
007567810000
007164100000
007164200000
007164300000
003165400000
003165500000
003165600000
